"id" "day" "beep" "obs" "PA"
1 1 1 1 2
1 1 2 2 3
1 1 3 3 2
1 1 4 4 2
1 1 5 5 2
1 1 6 6 2
1 1 7 7 0
1 1 8 8 1
1 1 9 9 2
1 1 10 10 1
1 2 1 11 2
1 2 2 12 1
1 2 3 13 1
1 2 4 14 1
1 2 5 15 3
1 2 6 16 1
1 2 7 17 1
1 2 8 18 2
1 2 9 19 2
1 2 10 20 2
1 3 1 21 4
1 3 2 22 1
1 3 3 23 2
1 3 4 24 2
1 3 5 25 3
1 3 6 26 1
1 3 7 27 2
1 3 8 28 2
1 3 9 29 1
1 3 10 30 3
1 4 1 31 2
1 4 2 32 1
1 4 3 33 2
1 4 4 34 2
1 4 5 35 2
1 4 6 36 2
1 4 7 37 3
1 4 8 38 1
1 4 9 39 1
1 4 10 40 2
1 5 1 41 1
1 5 2 42 1
1 5 3 43 1
1 5 4 44 1
1 5 5 45 0
1 5 6 46 2
1 5 7 47 2
1 5 8 48 3
1 5 9 49 2
1 5 10 50 1
1 6 1 51 4
1 6 2 52 4
1 6 3 53 1
1 6 4 54 2
1 6 5 55 2
1 6 6 56 2
1 6 7 57 2
1 6 8 58 1
1 6 9 59 2
1 6 10 60 3
1 7 1 61 2
1 7 2 62 2
1 7 3 63 3
1 7 4 64 2
1 7 5 65 1
1 7 6 66 2
1 7 7 67 3
1 7 8 68 3
1 7 9 69 2
1 7 10 70 2
2 1 1 1 2
2 1 2 2 3
2 1 3 3 2
2 1 4 4 2
2 1 5 5 3
2 1 6 6 2
2 1 7 7 3
2 1 8 8 3
2 1 9 9 3
2 1 10 10 4
2 2 1 11 1
2 2 2 12 2
2 2 3 13 2
2 2 4 14 2
2 2 5 15 2
2 2 6 16 1
2 2 7 17 1
2 2 8 18 2
2 2 9 19 3
2 2 10 20 2
2 3 1 21 3
2 3 2 22 2
2 3 3 23 3
2 3 4 24 2
2 3 5 25 3
2 3 6 26 3
2 3 7 27 2
2 3 8 28 3
2 3 9 29 3
2 3 10 30 3
2 4 1 31 3
2 4 2 32 2
2 4 3 33 3
2 4 4 34 3
2 4 5 35 2
2 4 6 36 1
2 4 7 37 1
2 4 8 38 2
2 4 9 39 2
2 4 10 40 3
2 5 1 41 2
2 5 2 42 2
2 5 3 43 1
2 5 4 44 1
2 5 5 45 2
2 5 6 46 2
2 5 7 47 2
2 5 8 48 2
2 5 9 49 2
2 5 10 50 1
2 6 1 51 4
2 6 2 52 3
2 6 3 53 3
2 6 4 54 1
2 6 5 55 3
2 6 6 56 2
2 6 7 57 2
2 6 8 58 3
2 6 9 59 2
2 6 10 60 1
2 7 1 61 3
2 7 2 62 0
2 7 3 63 3
2 7 4 64 3
2 7 5 65 2
2 7 6 66 2
2 7 7 67 2
2 7 8 68 3
2 7 9 69 2
2 7 10 70 2
3 1 1 1 2
3 1 2 2 2
3 1 3 3 1
3 1 4 4 1
3 1 5 5 2
3 1 6 6 2
3 1 7 7 1
3 1 8 8 2
3 1 9 9 1
3 1 10 10 2
3 2 1 11 2
3 2 2 12 3
3 2 3 13 4
3 2 4 14 2
3 2 5 15 3
3 2 6 16 3
3 2 7 17 2
3 2 8 18 2
3 2 9 19 4
3 2 10 20 1
3 3 1 21 2
3 3 2 22 1
3 3 3 23 3
3 3 4 24 2
3 3 5 25 2
3 3 6 26 4
3 3 7 27 2
3 3 8 28 2
3 3 9 29 2
3 3 10 30 1
3 4 1 31 2
3 4 2 32 2
3 4 3 33 2
3 4 4 34 1
3 4 5 35 1
3 4 6 36 2
3 4 7 37 1
3 4 8 38 3
3 4 9 39 3
3 4 10 40 2
3 5 1 41 2
3 5 2 42 2
3 5 3 43 2
3 5 4 44 2
3 5 5 45 2
3 5 6 46 2
3 5 7 47 2
3 5 8 48 3
3 5 9 49 2
3 5 10 50 2
3 6 1 51 2
3 6 2 52 2
3 6 3 53 3
3 6 4 54 2
3 6 5 55 3
3 6 6 56 2
3 6 7 57 2
3 6 8 58 3
3 6 9 59 2
3 6 10 60 2
3 7 1 61 3
3 7 2 62 2
3 7 3 63 2
3 7 4 64 2
3 7 5 65 2
3 7 6 66 1
3 7 7 67 2
3 7 8 68 3
3 7 9 69 1
3 7 10 70 3
4 1 1 1 3
4 1 2 2 4
4 1 3 3 2
4 1 4 4 3
4 1 5 5 3
4 1 6 6 3
4 1 7 7 2
4 1 8 8 3
4 1 9 9 2
4 1 10 10 2
4 2 1 11 2
4 2 2 12 1
4 2 3 13 2
4 2 4 14 2
4 2 5 15 2
4 2 6 16 3
4 2 7 17 1
4 2 8 18 2
4 2 9 19 3
4 2 10 20 0
4 3 1 21 2
4 3 2 22 4
4 3 3 23 4
4 3 4 24 3
4 3 5 25 2
4 3 6 26 3
4 3 7 27 2
4 3 8 28 4
4 3 9 29 2
4 3 10 30 3
4 4 1 31 3
4 4 2 32 2
4 4 3 33 3
4 4 4 34 2
4 4 5 35 3
4 4 6 36 3
4 4 7 37 2
4 4 8 38 3
4 4 9 39 2
4 4 10 40 3
4 5 1 41 3
4 5 2 42 2
4 5 3 43 3
4 5 4 44 2
4 5 5 45 2
4 5 6 46 3
4 5 7 47 1
4 5 8 48 1
4 5 9 49 2
4 5 10 50 1
4 6 1 51 3
4 6 2 52 2
4 6 3 53 1
4 6 4 54 2
4 6 5 55 2
4 6 6 56 3
4 6 7 57 2
4 6 8 58 3
4 6 9 59 3
4 6 10 60 3
4 7 1 61 2
4 7 2 62 4
4 7 3 63 2
4 7 4 64 1
4 7 5 65 2
4 7 6 66 1
4 7 7 67 2
4 7 8 68 2
4 7 9 69 3
4 7 10 70 3
5 1 1 1 2
5 1 2 2 3
5 1 3 3 4
5 1 4 4 2
5 1 5 5 2
5 1 6 6 3
5 1 7 7 3
5 1 8 8 3
5 1 9 9 4
5 1 10 10 3
5 2 1 11 3
5 2 2 12 3
5 2 3 13 3
5 2 4 14 3
5 2 5 15 3
5 2 6 16 2
5 2 7 17 2
5 2 8 18 3
5 2 9 19 2
5 2 10 20 3
5 3 1 21 3
5 3 2 22 3
5 3 3 23 2
5 3 4 24 2
5 3 5 25 3
5 3 6 26 3
5 3 7 27 3
5 3 8 28 3
5 3 9 29 2
5 3 10 30 3
5 4 1 31 3
5 4 2 32 3
5 4 3 33 3
5 4 4 34 2
5 4 5 35 3
5 4 6 36 3
5 4 7 37 3
5 4 8 38 3
5 4 9 39 3
5 4 10 40 3
5 5 1 41 2
5 5 2 42 3
5 5 3 43 3
5 5 4 44 1
5 5 5 45 2
5 5 6 46 3
5 5 7 47 3
5 5 8 48 2
5 5 9 49 1
5 5 10 50 3
5 6 1 51 3
5 6 2 52 4
5 6 3 53 2
5 6 4 54 3
5 6 5 55 2
5 6 6 56 2
5 6 7 57 3
5 6 8 58 2
5 6 9 59 2
5 6 10 60 3
5 7 1 61 2
5 7 2 62 2
5 7 3 63 2
5 7 4 64 3
5 7 5 65 3
5 7 6 66 3
5 7 7 67 2
5 7 8 68 3
5 7 9 69 2
5 7 10 70 3
6 1 1 1 3
6 1 2 2 1
6 1 3 3 2
6 1 4 4 1
6 1 5 5 1
6 1 6 6 2
6 1 7 7 1
6 1 8 8 1
6 1 9 9 3
6 1 10 10 2
6 2 1 11 2
6 2 2 12 1
6 2 3 13 3
6 2 4 14 4
6 2 5 15 2
6 2 6 16 3
6 2 7 17 3
6 2 8 18 1
6 2 9 19 2
6 2 10 20 1
6 3 1 21 1
6 3 2 22 2
6 3 3 23 2
6 3 4 24 2
6 3 5 25 2
6 3 6 26 1
6 3 7 27 2
6 3 8 28 1
6 3 9 29 2
6 3 10 30 2
6 4 1 31 2
6 4 2 32 3
6 4 3 33 2
6 4 4 34 1
6 4 5 35 1
6 4 6 36 1
6 4 7 37 1
6 4 8 38 2
6 4 9 39 1
6 4 10 40 2
6 5 1 41 2
6 5 2 42 1
6 5 3 43 2
6 5 4 44 3
6 5 5 45 3
6 5 6 46 4
6 5 7 47 2
6 5 8 48 1
6 5 9 49 2
6 5 10 50 2
6 6 1 51 3
6 6 2 52 2
6 6 3 53 2
6 6 4 54 2
6 6 5 55 1
6 6 6 56 1
6 6 7 57 2
6 6 8 58 2
6 6 9 59 2
6 6 10 60 2
6 7 1 61 1
6 7 2 62 1
6 7 3 63 3
6 7 4 64 1
6 7 5 65 1
6 7 6 66 2
6 7 7 67 1
6 7 8 68 1
6 7 9 69 1
6 7 10 70 2
7 1 1 1 2
7 1 2 2 2
7 1 3 3 2
7 1 4 4 2
7 1 5 5 2
7 1 6 6 0
7 1 7 7 2
7 1 8 8 2
7 1 9 9 2
7 1 10 10 1
7 2 1 11 2
7 2 2 12 1
7 2 3 13 3
7 2 4 14 3
7 2 5 15 2
7 2 6 16 1
7 2 7 17 2
7 2 8 18 3
7 2 9 19 2
7 2 10 20 1
7 3 1 21 1
7 3 2 22 1
7 3 3 23 2
7 3 4 24 2
7 3 5 25 2
7 3 6 26 3
7 3 7 27 2
7 3 8 28 3
7 3 9 29 1
7 3 10 30 2
7 4 1 31 2
7 4 2 32 2
7 4 3 33 1
7 4 4 34 2
7 4 5 35 2
7 4 6 36 2
7 4 7 37 2
7 4 8 38 2
7 4 9 39 3
7 4 10 40 2
7 5 1 41 1
7 5 2 42 2
7 5 3 43 2
7 5 4 44 2
7 5 5 45 1
7 5 6 46 3
7 5 7 47 1
7 5 8 48 2
7 5 9 49 1
7 5 10 50 1
7 6 1 51 2
7 6 2 52 1
7 6 3 53 2
7 6 4 54 2
7 6 5 55 0
7 6 6 56 2
7 6 7 57 0
7 6 8 58 2
7 6 9 59 1
7 6 10 60 1
7 7 1 61 2
7 7 2 62 3
7 7 3 63 1
7 7 4 64 2
7 7 5 65 2
7 7 6 66 1
7 7 7 67 1
7 7 8 68 0
7 7 9 69 2
7 7 10 70 2
8 1 1 1 4
8 1 2 2 3
8 1 3 3 3
8 1 4 4 3
8 1 5 5 2
8 1 6 6 3
8 1 7 7 3
8 1 8 8 3
8 1 9 9 3
8 1 10 10 3
8 2 1 11 2
8 2 2 12 3
8 2 3 13 3
8 2 4 14 3
8 2 5 15 3
8 2 6 16 2
8 2 7 17 2
8 2 8 18 3
8 2 9 19 2
8 2 10 20 2
8 3 1 21 2
8 3 2 22 1
8 3 3 23 1
8 3 4 24 2
8 3 5 25 1
8 3 6 26 1
8 3 7 27 3
8 3 8 28 2
8 3 9 29 1
8 3 10 30 2
8 4 1 31 3
8 4 2 32 2
8 4 3 33 2
8 4 4 34 3
8 4 5 35 1
8 4 6 36 2
8 4 7 37 1
8 4 8 38 2
8 4 9 39 3
8 4 10 40 3
8 5 1 41 2
8 5 2 42 1
8 5 3 43 1
8 5 4 44 3
8 5 5 45 1
8 5 6 46 2
8 5 7 47 2
8 5 8 48 2
8 5 9 49 3
8 5 10 50 2
8 6 1 51 1
8 6 2 52 2
8 6 3 53 1
8 6 4 54 2
8 6 5 55 3
8 6 6 56 3
8 6 7 57 2
8 6 8 58 1
8 6 9 59 3
8 6 10 60 2
8 7 1 61 2
8 7 2 62 1
8 7 3 63 3
8 7 4 64 3
8 7 5 65 2
8 7 6 66 2
8 7 7 67 2
8 7 8 68 3
8 7 9 69 2
8 7 10 70 2
9 1 1 1 2
9 1 2 2 1
9 1 3 3 1
9 1 4 4 1
9 1 5 5 1
9 1 6 6 2
9 1 7 7 3
9 1 8 8 1
9 1 9 9 1
9 1 10 10 2
9 2 1 11 3
9 2 2 12 2
9 2 3 13 2
9 2 4 14 1
9 2 5 15 2
9 2 6 16 2
9 2 7 17 2
9 2 8 18 2
9 2 9 19 2
9 2 10 20 2
9 3 1 21 2
9 3 2 22 2
9 3 3 23 2
9 3 4 24 3
9 3 5 25 2
9 3 6 26 3
9 3 7 27 2
9 3 8 28 2
9 3 9 29 1
9 3 10 30 2
9 4 1 31 2
9 4 2 32 1
9 4 3 33 1
9 4 4 34 2
9 4 5 35 2
9 4 6 36 1
9 4 7 37 2
9 4 8 38 1
9 4 9 39 1
9 4 10 40 2
9 5 1 41 1
9 5 2 42 2
9 5 3 43 2
9 5 4 44 2
9 5 5 45 1
9 5 6 46 1
9 5 7 47 2
9 5 8 48 2
9 5 9 49 1
9 5 10 50 2
9 6 1 51 2
9 6 2 52 1
9 6 3 53 1
9 6 4 54 1
9 6 5 55 0
9 6 6 56 2
9 6 7 57 2
9 6 8 58 2
9 6 9 59 1
9 6 10 60 1
9 7 1 61 1
9 7 2 62 2
9 7 3 63 0
9 7 4 64 2
9 7 5 65 1
9 7 6 66 2
9 7 7 67 1
9 7 8 68 1
9 7 9 69 3
9 7 10 70 2
10 1 1 1 1
10 1 2 2 1
10 1 3 3 1
10 1 4 4 0
10 1 5 5 1
10 1 6 6 1
10 1 7 7 1
10 1 8 8 2
10 1 9 9 1
10 1 10 10 2
10 2 1 11 1
10 2 2 12 2
10 2 3 13 1
10 2 4 14 1
10 2 5 15 0
10 2 6 16 1
10 2 7 17 3
10 2 8 18 2
10 2 9 19 2
10 2 10 20 2
10 3 1 21 2
10 3 2 22 2
10 3 3 23 1
10 3 4 24 1
10 3 5 25 1
10 3 6 26 0
10 3 7 27 1
10 3 8 28 2
10 3 9 29 2
10 3 10 30 1
10 4 1 31 0
10 4 2 32 3
10 4 3 33 1
10 4 4 34 2
10 4 5 35 1
10 4 6 36 1
10 4 7 37 1
10 4 8 38 2
10 4 9 39 1
10 4 10 40 1
10 5 1 41 0
10 5 2 42 1
10 5 3 43 0
10 5 4 44 2
10 5 5 45 1
10 5 6 46 1
10 5 7 47 2
10 5 8 48 2
10 5 9 49 0
10 5 10 50 1
10 6 1 51 0
10 6 2 52 1
10 6 3 53 2
10 6 4 54 2
10 6 5 55 2
10 6 6 56 1
10 6 7 57 0
10 6 8 58 0
10 6 9 59 2
10 6 10 60 1
10 7 1 61 0
10 7 2 62 1
10 7 3 63 2
10 7 4 64 1
10 7 5 65 0
10 7 6 66 0
10 7 7 67 0
10 7 8 68 1
10 7 9 69 2
10 7 10 70 0
11 1 1 1 3
11 1 2 2 2
11 1 3 3 3
11 1 4 4 1
11 1 5 5 2
11 1 6 6 2
11 1 7 7 3
11 1 8 8 3
11 1 9 9 3
11 1 10 10 3
11 2 1 11 2
11 2 2 12 3
11 2 3 13 2
11 2 4 14 2
11 2 5 15 3
11 2 6 16 3
11 2 7 17 3
11 2 8 18 2
11 2 9 19 2
11 2 10 20 3
11 3 1 21 2
11 3 2 22 3
11 3 3 23 2
11 3 4 24 3
11 3 5 25 2
11 3 6 26 3
11 3 7 27 2
11 3 8 28 1
11 3 9 29 1
11 3 10 30 2
11 4 1 31 3
11 4 2 32 1
11 4 3 33 1
11 4 4 34 3
11 4 5 35 2
11 4 6 36 2
11 4 7 37 2
11 4 8 38 2
11 4 9 39 2
11 4 10 40 2
11 5 1 41 2
11 5 2 42 1
11 5 3 43 0
11 5 4 44 3
11 5 5 45 3
11 5 6 46 1
11 5 7 47 2
11 5 8 48 3
11 5 9 49 2
11 5 10 50 3
11 6 1 51 1
11 6 2 52 4
11 6 3 53 1
11 6 4 54 2
11 6 5 55 2
11 6 6 56 2
11 6 7 57 2
11 6 8 58 1
11 6 9 59 3
11 6 10 60 2
11 7 1 61 2
11 7 2 62 2
11 7 3 63 2
11 7 4 64 1
11 7 5 65 2
11 7 6 66 1
11 7 7 67 1
11 7 8 68 2
11 7 9 69 2
11 7 10 70 2
12 1 1 1 4
12 1 2 2 2
12 1 3 3 3
12 1 4 4 4
12 1 5 5 2
12 1 6 6 3
12 1 7 7 4
12 1 8 8 3
12 1 9 9 3
12 1 10 10 3
12 2 1 11 3
12 2 2 12 3
12 2 3 13 3
12 2 4 14 5
12 2 5 15 4
12 2 6 16 3
12 2 7 17 2
12 2 8 18 3
12 2 9 19 4
12 2 10 20 3
12 3 1 21 3
12 3 2 22 4
12 3 3 23 3
12 3 4 24 2
12 3 5 25 3
12 3 6 26 4
12 3 7 27 3
12 3 8 28 3
12 3 9 29 3
12 3 10 30 4
12 4 1 31 2
12 4 2 32 2
12 4 3 33 3
12 4 4 34 3
12 4 5 35 5
12 4 6 36 2
12 4 7 37 3
12 4 8 38 4
12 4 9 39 4
12 4 10 40 3
12 5 1 41 3
12 5 2 42 3
12 5 3 43 4
12 5 4 44 3
12 5 5 45 2
12 5 6 46 4
12 5 7 47 3
12 5 8 48 3
12 5 9 49 3
12 5 10 50 3
12 6 1 51 3
12 6 2 52 3
12 6 3 53 3
12 6 4 54 2
12 6 5 55 3
12 6 6 56 4
12 6 7 57 4
12 6 8 58 4
12 6 9 59 2
12 6 10 60 3
12 7 1 61 4
12 7 2 62 3
12 7 3 63 5
12 7 4 64 3
12 7 5 65 4
12 7 6 66 4
12 7 7 67 4
12 7 8 68 3
12 7 9 69 4
12 7 10 70 3
13 1 1 1 1
13 1 2 2 1
13 1 3 3 2
13 1 4 4 2
13 1 5 5 3
13 1 6 6 2
13 1 7 7 2
13 1 8 8 1
13 1 9 9 2
13 1 10 10 1
13 2 1 11 2
13 2 2 12 1
13 2 3 13 2
13 2 4 14 1
13 2 5 15 1
13 2 6 16 1
13 2 7 17 1
13 2 8 18 2
13 2 9 19 2
13 2 10 20 2
13 3 1 21 0
13 3 2 22 2
13 3 3 23 1
13 3 4 24 1
13 3 5 25 1
13 3 6 26 2
13 3 7 27 0
13 3 8 28 2
13 3 9 29 1
13 3 10 30 2
13 4 1 31 1
13 4 2 32 1
13 4 3 33 0
13 4 4 34 1
13 4 5 35 1
13 4 6 36 2
13 4 7 37 0
13 4 8 38 2
13 4 9 39 2
13 4 10 40 0
13 5 1 41 2
13 5 2 42 1
13 5 3 43 1
13 5 4 44 2
13 5 5 45 2
13 5 6 46 1
13 5 7 47 1
13 5 8 48 1
13 5 9 49 2
13 5 10 50 0
13 6 1 51 0
13 6 2 52 3
13 6 3 53 3
13 6 4 54 1
13 6 5 55 2
13 6 6 56 2
13 6 7 57 3
13 6 8 58 2
13 6 9 59 2
13 6 10 60 0
13 7 1 61 2
13 7 2 62 1
13 7 3 63 0
13 7 4 64 1
13 7 5 65 1
13 7 6 66 2
13 7 7 67 0
13 7 8 68 1
13 7 9 69 2
13 7 10 70 2
14 1 1 1 3
14 1 2 2 4
14 1 3 3 3
14 1 4 4 2
14 1 5 5 3
14 1 6 6 3
14 1 7 7 4
14 1 8 8 1
14 1 9 9 3
14 1 10 10 3
14 2 1 11 3
14 2 2 12 1
14 2 3 13 3
14 2 4 14 2
14 2 5 15 3
14 2 6 16 3
14 2 7 17 3
14 2 8 18 1
14 2 9 19 3
14 2 10 20 2
14 3 1 21 2
14 3 2 22 3
14 3 3 23 3
14 3 4 24 2
14 3 5 25 3
14 3 6 26 2
14 3 7 27 2
14 3 8 28 2
14 3 9 29 2
14 3 10 30 3
14 4 1 31 3
14 4 2 32 2
14 4 3 33 2
14 4 4 34 3
14 4 5 35 2
14 4 6 36 0
14 4 7 37 3
14 4 8 38 2
14 4 9 39 2
14 4 10 40 3
14 5 1 41 4
14 5 2 42 2
14 5 3 43 3
14 5 4 44 3
14 5 5 45 3
14 5 6 46 4
14 5 7 47 3
14 5 8 48 2
14 5 9 49 2
14 5 10 50 3
14 6 1 51 1
14 6 2 52 3
14 6 3 53 1
14 6 4 54 2
14 6 5 55 2
14 6 6 56 3
14 6 7 57 2
14 6 8 58 2
14 6 9 59 3
14 6 10 60 2
14 7 1 61 2
14 7 2 62 3
14 7 3 63 3
14 7 4 64 1
14 7 5 65 3
14 7 6 66 1
14 7 7 67 2
14 7 8 68 3
14 7 9 69 1
14 7 10 70 1
15 1 1 1 3
15 1 2 2 2
15 1 3 3 3
15 1 4 4 2
15 1 5 5 3
15 1 6 6 3
15 1 7 7 2
15 1 8 8 2
15 1 9 9 2
15 1 10 10 4
15 2 1 11 3
15 2 2 12 3
15 2 3 13 2
15 2 4 14 2
15 2 5 15 4
15 2 6 16 2
15 2 7 17 3
15 2 8 18 3
15 2 9 19 2
15 2 10 20 4
15 3 1 21 1
15 3 2 22 3
15 3 3 23 2
15 3 4 24 3
15 3 5 25 1
15 3 6 26 3
15 3 7 27 3
15 3 8 28 1
15 3 9 29 1
15 3 10 30 2
15 4 1 31 3
15 4 2 32 2
15 4 3 33 2
15 4 4 34 3
15 4 5 35 1
15 4 6 36 3
15 4 7 37 2
15 4 8 38 1
15 4 9 39 2
15 4 10 40 3
15 5 1 41 2
15 5 2 42 3
15 5 3 43 2
15 5 4 44 1
15 5 5 45 3
15 5 6 46 2
15 5 7 47 2
15 5 8 48 3
15 5 9 49 2
15 5 10 50 3
15 6 1 51 1
15 6 2 52 3
15 6 3 53 2
15 6 4 54 2
15 6 5 55 1
15 6 6 56 2
15 6 7 57 2
15 6 8 58 2
15 6 9 59 2
15 6 10 60 2
15 7 1 61 2
15 7 2 62 3
15 7 3 63 2
15 7 4 64 3
15 7 5 65 3
15 7 6 66 2
15 7 7 67 1
15 7 8 68 2
15 7 9 69 4
15 7 10 70 2
16 1 1 1 1
16 1 2 2 2
16 1 3 3 2
16 1 4 4 2
16 1 5 5 1
16 1 6 6 2
16 1 7 7 0
16 1 8 8 1
16 1 9 9 1
16 1 10 10 2
16 2 1 11 2
16 2 2 12 3
16 2 3 13 3
16 2 4 14 2
16 2 5 15 1
16 2 6 16 1
16 2 7 17 2
16 2 8 18 2
16 2 9 19 3
16 2 10 20 1
16 3 1 21 1
16 3 2 22 1
16 3 3 23 2
16 3 4 24 2
16 3 5 25 1
16 3 6 26 2
16 3 7 27 2
16 3 8 28 2
16 3 9 29 2
16 3 10 30 1
16 4 1 31 1
16 4 2 32 2
16 4 3 33 0
16 4 4 34 1
16 4 5 35 2
16 4 6 36 1
16 4 7 37 1
16 4 8 38 1
16 4 9 39 1
16 4 10 40 0
16 5 1 41 1
16 5 2 42 1
16 5 3 43 2
16 5 4 44 2
16 5 5 45 1
16 5 6 46 2
16 5 7 47 1
16 5 8 48 2
16 5 9 49 2
16 5 10 50 2
16 6 1 51 3
16 6 2 52 1
16 6 3 53 3
16 6 4 54 2
16 6 5 55 2
16 6 6 56 2
16 6 7 57 2
16 6 8 58 2
16 6 9 59 0
16 6 10 60 1
16 7 1 61 2
16 7 2 62 2
16 7 3 63 1
16 7 4 64 1
16 7 5 65 2
16 7 6 66 1
16 7 7 67 2
16 7 8 68 0
16 7 9 69 1
16 7 10 70 1
17 1 1 1 1
17 1 2 2 1
17 1 3 3 2
17 1 4 4 2
17 1 5 5 2
17 1 6 6 1
17 1 7 7 1
17 1 8 8 2
17 1 9 9 2
17 1 10 10 2
17 2 1 11 3
17 2 2 12 3
17 2 3 13 2
17 2 4 14 2
17 2 5 15 2
17 2 6 16 2
17 2 7 17 2
17 2 8 18 2
17 2 9 19 3
17 2 10 20 3
17 3 1 21 2
17 3 2 22 2
17 3 3 23 3
17 3 4 24 2
17 3 5 25 2
17 3 6 26 1
17 3 7 27 2
17 3 8 28 2
17 3 9 29 2
17 3 10 30 2
17 4 1 31 2
17 4 2 32 2
17 4 3 33 2
17 4 4 34 2
17 4 5 35 3
17 4 6 36 2
17 4 7 37 2
17 4 8 38 2
17 4 9 39 2
17 4 10 40 2
17 5 1 41 2
17 5 2 42 2
17 5 3 43 3
17 5 4 44 3
17 5 5 45 3
17 5 6 46 3
17 5 7 47 2
17 5 8 48 2
17 5 9 49 3
17 5 10 50 3
17 6 1 51 2
17 6 2 52 2
17 6 3 53 2
17 6 4 54 3
17 6 5 55 0
17 6 6 56 2
17 6 7 57 2
17 6 8 58 1
17 6 9 59 2
17 6 10 60 1
17 7 1 61 3
17 7 2 62 1
17 7 3 63 0
17 7 4 64 1
17 7 5 65 2
17 7 6 66 1
17 7 7 67 2
17 7 8 68 2
17 7 9 69 1
17 7 10 70 2
18 1 1 1 3
18 1 2 2 4
18 1 3 3 3
18 1 4 4 4
18 1 5 5 3
18 1 6 6 3
18 1 7 7 2
18 1 8 8 2
18 1 9 9 3
18 1 10 10 4
18 2 1 11 2
18 2 2 12 2
18 2 3 13 1
18 2 4 14 2
18 2 5 15 2
18 2 6 16 2
18 2 7 17 2
18 2 8 18 2
18 2 9 19 2
18 2 10 20 2
18 3 1 21 3
18 3 2 22 1
18 3 3 23 2
18 3 4 24 2
18 3 5 25 2
18 3 6 26 2
18 3 7 27 3
18 3 8 28 3
18 3 9 29 3
18 3 10 30 3
18 4 1 31 3
18 4 2 32 2
18 4 3 33 2
18 4 4 34 3
18 4 5 35 2
18 4 6 36 1
18 4 7 37 2
18 4 8 38 3
18 4 9 39 2
18 4 10 40 3
18 5 1 41 3
18 5 2 42 2
18 5 3 43 2
18 5 4 44 3
18 5 5 45 3
18 5 6 46 3
18 5 7 47 2
18 5 8 48 2
18 5 9 49 3
18 5 10 50 3
18 6 1 51 4
18 6 2 52 2
18 6 3 53 2
18 6 4 54 3
18 6 5 55 3
18 6 6 56 2
18 6 7 57 3
18 6 8 58 2
18 6 9 59 2
18 6 10 60 3
18 7 1 61 3
18 7 2 62 3
18 7 3 63 2
18 7 4 64 4
18 7 5 65 3
18 7 6 66 2
18 7 7 67 3
18 7 8 68 2
18 7 9 69 2
18 7 10 70 3
19 1 1 1 2
19 1 2 2 3
19 1 3 3 2
19 1 4 4 0
19 1 5 5 1
19 1 6 6 2
19 1 7 7 3
19 1 8 8 2
19 1 9 9 2
19 1 10 10 1
19 2 1 11 1
19 2 2 12 1
19 2 3 13 3
19 2 4 14 2
19 2 5 15 2
19 2 6 16 3
19 2 7 17 1
19 2 8 18 2
19 2 9 19 2
19 2 10 20 1
19 3 1 21 1
19 3 2 22 2
19 3 3 23 2
19 3 4 24 2
19 3 5 25 1
19 3 6 26 0
19 3 7 27 2
19 3 8 28 2
19 3 9 29 2
19 3 10 30 1
19 4 1 31 1
19 4 2 32 2
19 4 3 33 1
19 4 4 34 1
19 4 5 35 3
19 4 6 36 3
19 4 7 37 1
19 4 8 38 2
19 4 9 39 1
19 4 10 40 2
19 5 1 41 2
19 5 2 42 2
19 5 3 43 2
19 5 4 44 1
19 5 5 45 2
19 5 6 46 3
19 5 7 47 2
19 5 8 48 2
19 5 9 49 1
19 5 10 50 2
19 6 1 51 2
19 6 2 52 2
19 6 3 53 3
19 6 4 54 1
19 6 5 55 3
19 6 6 56 2
19 6 7 57 1
19 6 8 58 2
19 6 9 59 2
19 6 10 60 2
19 7 1 61 1
19 7 2 62 2
19 7 3 63 0
19 7 4 64 2
19 7 5 65 2
19 7 6 66 2
19 7 7 67 2
19 7 8 68 2
19 7 9 69 2
19 7 10 70 2
20 1 1 1 1
20 1 2 2 2
20 1 3 3 3
20 1 4 4 2
20 1 5 5 2
20 1 6 6 2
20 1 7 7 2
20 1 8 8 2
20 1 9 9 2
20 1 10 10 2
20 2 1 11 2
20 2 2 12 2
20 2 3 13 2
20 2 4 14 3
20 2 5 15 2
20 2 6 16 3
20 2 7 17 4
20 2 8 18 3
20 2 9 19 2
20 2 10 20 1
20 3 1 21 2
20 3 2 22 3
20 3 3 23 3
20 3 4 24 1
20 3 5 25 1
20 3 6 26 2
20 3 7 27 3
20 3 8 28 3
20 3 9 29 3
20 3 10 30 1
20 4 1 31 1
20 4 2 32 1
20 4 3 33 2
20 4 4 34 3
20 4 5 35 2
20 4 6 36 1
20 4 7 37 3
20 4 8 38 2
20 4 9 39 3
20 4 10 40 2
20 5 1 41 3
20 5 2 42 2
20 5 3 43 2
20 5 4 44 1
20 5 5 45 2
20 5 6 46 2
20 5 7 47 2
20 5 8 48 2
20 5 9 49 2
20 5 10 50 2
20 6 1 51 2
20 6 2 52 2
20 6 3 53 1
20 6 4 54 3
20 6 5 55 3
20 6 6 56 2
20 6 7 57 2
20 6 8 58 2
20 6 9 59 2
20 6 10 60 2
20 7 1 61 1
20 7 2 62 3
20 7 3 63 2
20 7 4 64 1
20 7 5 65 3
20 7 6 66 2
20 7 7 67 2
20 7 8 68 2
20 7 9 69 2
20 7 10 70 2
21 1 1 1 2
21 1 2 2 3
21 1 3 3 3
21 1 4 4 2
21 1 5 5 1
21 1 6 6 2
21 1 7 7 4
21 1 8 8 2
21 1 9 9 3
21 1 10 10 2
21 2 1 11 2
21 2 2 12 2
21 2 3 13 2
21 2 4 14 3
21 2 5 15 2
21 2 6 16 3
21 2 7 17 3
21 2 8 18 4
21 2 9 19 3
21 2 10 20 1
21 3 1 21 1
21 3 2 22 1
21 3 3 23 0
21 3 4 24 3
21 3 5 25 2
21 3 6 26 2
21 3 7 27 3
21 3 8 28 2
21 3 9 29 2
21 3 10 30 2
21 4 1 31 2
21 4 2 32 1
21 4 3 33 3
21 4 4 34 2
21 4 5 35 2
21 4 6 36 1
21 4 7 37 2
21 4 8 38 3
21 4 9 39 3
21 4 10 40 3
21 5 1 41 2
21 5 2 42 1
21 5 3 43 1
21 5 4 44 2
21 5 5 45 2
21 5 6 46 2
21 5 7 47 1
21 5 8 48 1
21 5 9 49 2
21 5 10 50 2
21 6 1 51 1
21 6 2 52 2
21 6 3 53 2
21 6 4 54 3
21 6 5 55 1
21 6 6 56 1
21 6 7 57 2
21 6 8 58 2
21 6 9 59 3
21 6 10 60 2
21 7 1 61 1
21 7 2 62 2
21 7 3 63 2
21 7 4 64 2
21 7 5 65 3
21 7 6 66 2
21 7 7 67 2
21 7 8 68 2
21 7 9 69 1
21 7 10 70 3
22 1 1 1 1
22 1 2 2 4
22 1 3 3 2
22 1 4 4 2
22 1 5 5 2
22 1 6 6 3
22 1 7 7 2
22 1 8 8 2
22 1 9 9 1
22 1 10 10 1
22 2 1 11 2
22 2 2 12 3
22 2 3 13 2
22 2 4 14 2
22 2 5 15 3
22 2 6 16 3
22 2 7 17 2
22 2 8 18 2
22 2 9 19 3
22 2 10 20 2
22 3 1 21 2
22 3 2 22 3
22 3 3 23 2
22 3 4 24 2
22 3 5 25 2
22 3 6 26 2
22 3 7 27 2
22 3 8 28 2
22 3 9 29 2
22 3 10 30 1
22 4 1 31 2
22 4 2 32 1
22 4 3 33 1
22 4 4 34 1
22 4 5 35 2
22 4 6 36 2
22 4 7 37 2
22 4 8 38 2
22 4 9 39 2
22 4 10 40 1
22 5 1 41 1
22 5 2 42 2
22 5 3 43 3
22 5 4 44 2
22 5 5 45 1
22 5 6 46 2
22 5 7 47 2
22 5 8 48 1
22 5 9 49 2
22 5 10 50 3
22 6 1 51 3
22 6 2 52 2
22 6 3 53 2
22 6 4 54 1
22 6 5 55 1
22 6 6 56 3
22 6 7 57 3
22 6 8 58 2
22 6 9 59 1
22 6 10 60 1
22 7 1 61 3
22 7 2 62 2
22 7 3 63 1
22 7 4 64 2
22 7 5 65 1
22 7 6 66 2
22 7 7 67 2
22 7 8 68 1
22 7 9 69 2
22 7 10 70 2
23 1 1 1 1
23 1 2 2 2
23 1 3 3 1
23 1 4 4 1
23 1 5 5 2
23 1 6 6 2
23 1 7 7 2
23 1 8 8 3
23 1 9 9 1
23 1 10 10 3
23 2 1 11 4
23 2 2 12 3
23 2 3 13 3
23 2 4 14 2
23 2 5 15 3
23 2 6 16 2
23 2 7 17 3
23 2 8 18 2
23 2 9 19 3
23 2 10 20 3
23 3 1 21 3
23 3 2 22 4
23 3 3 23 2
23 3 4 24 3
23 3 5 25 1
23 3 6 26 2
23 3 7 27 3
23 3 8 28 2
23 3 9 29 2
23 3 10 30 2
23 4 1 31 2
23 4 2 32 2
23 4 3 33 2
23 4 4 34 1
23 4 5 35 2
23 4 6 36 2
23 4 7 37 2
23 4 8 38 2
23 4 9 39 3
23 4 10 40 3
23 5 1 41 0
23 5 2 42 3
23 5 3 43 1
23 5 4 44 2
23 5 5 45 1
23 5 6 46 2
23 5 7 47 3
23 5 8 48 2
23 5 9 49 2
23 5 10 50 1
23 6 1 51 3
23 6 2 52 3
23 6 3 53 3
23 6 4 54 2
23 6 5 55 3
23 6 6 56 1
23 6 7 57 4
23 6 8 58 2
23 6 9 59 3
23 6 10 60 3
23 7 1 61 1
23 7 2 62 3
23 7 3 63 2
23 7 4 64 3
23 7 5 65 2
23 7 6 66 3
23 7 7 67 2
23 7 8 68 3
23 7 9 69 2
23 7 10 70 3
24 1 1 1 2
24 1 2 2 2
24 1 3 3 1
24 1 4 4 2
24 1 5 5 1
24 1 6 6 2
24 1 7 7 1
24 1 8 8 3
24 1 9 9 2
24 1 10 10 2
24 2 1 11 3
24 2 2 12 2
24 2 3 13 2
24 2 4 14 2
24 2 5 15 2
24 2 6 16 1
24 2 7 17 1
24 2 8 18 1
24 2 9 19 1
24 2 10 20 2
24 3 1 21 2
24 3 2 22 1
24 3 3 23 3
24 3 4 24 2
24 3 5 25 3
24 3 6 26 3
24 3 7 27 1
24 3 8 28 2
24 3 9 29 1
24 3 10 30 2
24 4 1 31 3
24 4 2 32 1
24 4 3 33 1
24 4 4 34 2
24 4 5 35 1
24 4 6 36 3
24 4 7 37 2
24 4 8 38 0
24 4 9 39 2
24 4 10 40 2
24 5 1 41 0
24 5 2 42 2
24 5 3 43 1
24 5 4 44 1
24 5 5 45 2
24 5 6 46 2
24 5 7 47 3
24 5 8 48 0
24 5 9 49 2
24 5 10 50 1
24 6 1 51 2
24 6 2 52 2
24 6 3 53 3
24 6 4 54 0
24 6 5 55 2
24 6 6 56 2
24 6 7 57 2
24 6 8 58 1
24 6 9 59 2
24 6 10 60 1
24 7 1 61 2
24 7 2 62 2
24 7 3 63 1
24 7 4 64 2
24 7 5 65 3
24 7 6 66 3
24 7 7 67 3
24 7 8 68 2
24 7 9 69 2
24 7 10 70 2
25 1 1 1 1
25 1 2 2 2
25 1 3 3 1
25 1 4 4 1
25 1 5 5 2
25 1 6 6 1
25 1 7 7 2
25 1 8 8 1
25 1 9 9 2
25 1 10 10 2
25 2 1 11 3
25 2 2 12 1
25 2 3 13 3
25 2 4 14 3
25 2 5 15 2
25 2 6 16 2
25 2 7 17 2
25 2 8 18 2
25 2 9 19 2
25 2 10 20 2
25 3 1 21 3
25 3 2 22 2
25 3 3 23 3
25 3 4 24 2
25 3 5 25 1
25 3 6 26 2
25 3 7 27 2
25 3 8 28 3
25 3 9 29 2
25 3 10 30 1
25 4 1 31 2
25 4 2 32 1
25 4 3 33 1
25 4 4 34 1
25 4 5 35 2
25 4 6 36 3
25 4 7 37 2
25 4 8 38 2
25 4 9 39 2
25 4 10 40 3
25 5 1 41 1
25 5 2 42 1
25 5 3 43 2
25 5 4 44 1
25 5 5 45 3
25 5 6 46 0
25 5 7 47 2
25 5 8 48 1
25 5 9 49 1
25 5 10 50 2
25 6 1 51 3
25 6 2 52 3
25 6 3 53 2
25 6 4 54 2
25 6 5 55 2
25 6 6 56 3
25 6 7 57 0
25 6 8 58 2
25 6 9 59 2
25 6 10 60 2
25 7 1 61 1
25 7 2 62 2
25 7 3 63 1
25 7 4 64 2
25 7 5 65 1
25 7 6 66 2
25 7 7 67 2
25 7 8 68 2
25 7 9 69 1
25 7 10 70 2
26 1 1 1 1
26 1 2 2 0
26 1 3 3 1
26 1 4 4 1
26 1 5 5 1
26 1 6 6 2
26 1 7 7 2
26 1 8 8 2
26 1 9 9 2
26 1 10 10 1
26 2 1 11 3
26 2 2 12 2
26 2 3 13 1
26 2 4 14 2
26 2 5 15 1
26 2 6 16 3
26 2 7 17 2
26 2 8 18 2
26 2 9 19 1
26 2 10 20 1
26 3 1 21 3
26 3 2 22 3
26 3 3 23 3
26 3 4 24 2
26 3 5 25 3
26 3 6 26 3
26 3 7 27 3
26 3 8 28 3
26 3 9 29 2
26 3 10 30 2
26 4 1 31 2
26 4 2 32 2
26 4 3 33 2
26 4 4 34 3
26 4 5 35 0
26 4 6 36 1
26 4 7 37 2
26 4 8 38 1
26 4 9 39 3
26 4 10 40 2
26 5 1 41 1
26 5 2 42 1
26 5 3 43 2
26 5 4 44 3
26 5 5 45 2
26 5 6 46 2
26 5 7 47 1
26 5 8 48 3
26 5 9 49 2
26 5 10 50 0
26 6 1 51 1
26 6 2 52 2
26 6 3 53 1
26 6 4 54 2
26 6 5 55 1
26 6 6 56 2
26 6 7 57 2
26 6 8 58 2
26 6 9 59 2
26 6 10 60 3
26 7 1 61 1
26 7 2 62 0
26 7 3 63 2
26 7 4 64 2
26 7 5 65 1
26 7 6 66 2
26 7 7 67 2
26 7 8 68 2
26 7 9 69 2
26 7 10 70 1
27 1 1 1 1
27 1 2 2 2
27 1 3 3 2
27 1 4 4 1
27 1 5 5 1
27 1 6 6 3
27 1 7 7 2
27 1 8 8 1
27 1 9 9 2
27 1 10 10 1
27 2 1 11 2
27 2 2 12 1
27 2 3 13 1
27 2 4 14 1
27 2 5 15 2
27 2 6 16 1
27 2 7 17 1
27 2 8 18 1
27 2 9 19 1
27 2 10 20 1
27 3 1 21 1
27 3 2 22 0
27 3 3 23 0
27 3 4 24 3
27 3 5 25 2
27 3 6 26 1
27 3 7 27 1
27 3 8 28 2
27 3 9 29 1
27 3 10 30 1
27 4 1 31 1
27 4 2 32 1
27 4 3 33 2
27 4 4 34 2
27 4 5 35 2
27 4 6 36 1
27 4 7 37 1
27 4 8 38 1
27 4 9 39 1
27 4 10 40 2
27 5 1 41 1
27 5 2 42 0
27 5 3 43 1
27 5 4 44 0
27 5 5 45 2
27 5 6 46 3
27 5 7 47 1
27 5 8 48 1
27 5 9 49 1
27 5 10 50 3
27 6 1 51 0
27 6 2 52 1
27 6 3 53 1
27 6 4 54 1
27 6 5 55 1
27 6 6 56 1
27 6 7 57 3
27 6 8 58 2
27 6 9 59 3
27 6 10 60 2
27 7 1 61 1
27 7 2 62 1
27 7 3 63 2
27 7 4 64 1
27 7 5 65 2
27 7 6 66 2
27 7 7 67 2
27 7 8 68 1
27 7 9 69 1
27 7 10 70 1
28 1 1 1 2
28 1 2 2 2
28 1 3 3 2
28 1 4 4 2
28 1 5 5 3
28 1 6 6 3
28 1 7 7 1
28 1 8 8 2
28 1 9 9 1
28 1 10 10 2
28 2 1 11 2
28 2 2 12 2
28 2 3 13 1
28 2 4 14 3
28 2 5 15 2
28 2 6 16 1
28 2 7 17 2
28 2 8 18 2
28 2 9 19 3
28 2 10 20 1
28 3 1 21 4
28 3 2 22 1
28 3 3 23 2
28 3 4 24 0
28 3 5 25 1
28 3 6 26 2
28 3 7 27 2
28 3 8 28 2
28 3 9 29 2
28 3 10 30 1
28 4 1 31 1
28 4 2 32 2
28 4 3 33 2
28 4 4 34 3
28 4 5 35 2
28 4 6 36 2
28 4 7 37 2
28 4 8 38 2
28 4 9 39 3
28 4 10 40 1
28 5 1 41 1
28 5 2 42 2
28 5 3 43 1
28 5 4 44 1
28 5 5 45 2
28 5 6 46 2
28 5 7 47 2
28 5 8 48 1
28 5 9 49 3
28 5 10 50 1
28 6 1 51 1
28 6 2 52 0
28 6 3 53 2
28 6 4 54 2
28 6 5 55 2
28 6 6 56 1
28 6 7 57 3
28 6 8 58 2
28 6 9 59 1
28 6 10 60 1
28 7 1 61 3
28 7 2 62 2
28 7 3 63 2
28 7 4 64 2
28 7 5 65 1
28 7 6 66 2
28 7 7 67 2
28 7 8 68 2
28 7 9 69 1
28 7 10 70 3
29 1 1 1 3
29 1 2 2 1
29 1 3 3 2
29 1 4 4 2
29 1 5 5 3
29 1 6 6 2
29 1 7 7 1
29 1 8 8 2
29 1 9 9 1
29 1 10 10 1
29 2 1 11 3
29 2 2 12 1
29 2 3 13 1
29 2 4 14 2
29 2 5 15 2
29 2 6 16 1
29 2 7 17 2
29 2 8 18 1
29 2 9 19 2
29 2 10 20 2
29 3 1 21 3
29 3 2 22 2
29 3 3 23 2
29 3 4 24 3
29 3 5 25 3
29 3 6 26 3
29 3 7 27 3
29 3 8 28 3
29 3 9 29 3
29 3 10 30 2
29 4 1 31 2
29 4 2 32 4
29 4 3 33 2
29 4 4 34 3
29 4 5 35 2
29 4 6 36 4
29 4 7 37 2
29 4 8 38 2
29 4 9 39 3
29 4 10 40 3
29 5 1 41 3
29 5 2 42 2
29 5 3 43 2
29 5 4 44 4
29 5 5 45 1
29 5 6 46 1
29 5 7 47 1
29 5 8 48 3
29 5 9 49 2
29 5 10 50 2
29 6 1 51 3
29 6 2 52 2
29 6 3 53 4
29 6 4 54 1
29 6 5 55 3
29 6 6 56 2
29 6 7 57 2
29 6 8 58 2
29 6 9 59 3
29 6 10 60 3
29 7 1 61 1
29 7 2 62 5
29 7 3 63 4
29 7 4 64 2
29 7 5 65 2
29 7 6 66 2
29 7 7 67 2
29 7 8 68 3
29 7 9 69 2
29 7 10 70 3
30 1 1 1 2
30 1 2 2 0
30 1 3 3 1
30 1 4 4 1
30 1 5 5 1
30 1 6 6 2
30 1 7 7 1
30 1 8 8 1
30 1 9 9 2
30 1 10 10 2
30 2 1 11 1
30 2 2 12 1
30 2 3 13 0
30 2 4 14 1
30 2 5 15 3
30 2 6 16 1
30 2 7 17 2
30 2 8 18 1
30 2 9 19 2
30 2 10 20 1
30 3 1 21 2
30 3 2 22 1
30 3 3 23 0
30 3 4 24 2
30 3 5 25 1
30 3 6 26 2
30 3 7 27 1
30 3 8 28 2
30 3 9 29 2
30 3 10 30 1
30 4 1 31 2
30 4 2 32 1
30 4 3 33 3
30 4 4 34 2
30 4 5 35 0
30 4 6 36 1
30 4 7 37 0
30 4 8 38 0
30 4 9 39 2
30 4 10 40 2
30 5 1 41 1
30 5 2 42 0
30 5 3 43 1
30 5 4 44 0
30 5 5 45 2
30 5 6 46 2
30 5 7 47 0
30 5 8 48 1
30 5 9 49 2
30 5 10 50 1
30 6 1 51 2
30 6 2 52 2
30 6 3 53 2
30 6 4 54 2
30 6 5 55 2
30 6 6 56 1
30 6 7 57 1
30 6 8 58 2
30 6 9 59 1
30 6 10 60 0
30 7 1 61 1
30 7 2 62 2
30 7 3 63 2
30 7 4 64 1
30 7 5 65 2
30 7 6 66 2
30 7 7 67 2
30 7 8 68 3
30 7 9 69 1
30 7 10 70 1
31 1 1 1 1
31 1 2 2 0
31 1 3 3 2
31 1 4 4 1
31 1 5 5 3
31 1 6 6 0
31 1 7 7 3
31 1 8 8 2
31 1 9 9 2
31 1 10 10 2
31 2 1 11 1
31 2 2 12 2
31 2 3 13 1
31 2 4 14 2
31 2 5 15 2
31 2 6 16 2
31 2 7 17 1
31 2 8 18 1
31 2 9 19 2
31 2 10 20 2
31 3 1 21 2
31 3 2 22 2
31 3 3 23 1
31 3 4 24 2
31 3 5 25 1
31 3 6 26 2
31 3 7 27 1
31 3 8 28 2
31 3 9 29 0
31 3 10 30 2
31 4 1 31 1
31 4 2 32 2
31 4 3 33 1
31 4 4 34 1
31 4 5 35 1
31 4 6 36 2
31 4 7 37 1
31 4 8 38 1
31 4 9 39 3
31 4 10 40 3
31 5 1 41 2
31 5 2 42 0
31 5 3 43 2
31 5 4 44 0
31 5 5 45 1
31 5 6 46 2
31 5 7 47 1
31 5 8 48 1
31 5 9 49 1
31 5 10 50 2
31 6 1 51 2
31 6 2 52 0
31 6 3 53 1
31 6 4 54 2
31 6 5 55 2
31 6 6 56 1
31 6 7 57 1
31 6 8 58 0
31 6 9 59 1
31 6 10 60 1
31 7 1 61 1
31 7 2 62 2
31 7 3 63 2
31 7 4 64 1
31 7 5 65 2
31 7 6 66 2
31 7 7 67 2
31 7 8 68 2
31 7 9 69 1
31 7 10 70 2
32 1 1 1 1
32 1 2 2 2
32 1 3 3 1
32 1 4 4 1
32 1 5 5 1
32 1 6 6 1
32 1 7 7 1
32 1 8 8 1
32 1 9 9 1
32 1 10 10 1
32 2 1 11 1
32 2 2 12 2
32 2 3 13 2
32 2 4 14 1
32 2 5 15 1
32 2 6 16 4
32 2 7 17 2
32 2 8 18 2
32 2 9 19 2
32 2 10 20 2
32 3 1 21 2
32 3 2 22 1
32 3 3 23 1
32 3 4 24 1
32 3 5 25 2
32 3 6 26 1
32 3 7 27 2
32 3 8 28 2
32 3 9 29 1
32 3 10 30 2
32 4 1 31 2
32 4 2 32 2
32 4 3 33 2
32 4 4 34 1
32 4 5 35 2
32 4 6 36 1
32 4 7 37 1
32 4 8 38 2
32 4 9 39 2
32 4 10 40 1
32 5 1 41 2
32 5 2 42 0
32 5 3 43 1
32 5 4 44 3
32 5 5 45 1
32 5 6 46 1
32 5 7 47 2
32 5 8 48 2
32 5 9 49 3
32 5 10 50 4
32 6 1 51 2
32 6 2 52 2
32 6 3 53 3
32 6 4 54 2
32 6 5 55 2
32 6 6 56 2
32 6 7 57 1
32 6 8 58 1
32 6 9 59 3
32 6 10 60 1
32 7 1 61 2
32 7 2 62 1
32 7 3 63 2
32 7 4 64 2
32 7 5 65 2
32 7 6 66 2
32 7 7 67 3
32 7 8 68 2
32 7 9 69 1
32 7 10 70 2
33 1 1 1 1
33 1 2 2 2
33 1 3 3 1
33 1 4 4 3
33 1 5 5 0
33 1 6 6 2
33 1 7 7 2
33 1 8 8 3
33 1 9 9 2
33 1 10 10 2
33 2 1 11 2
33 2 2 12 2
33 2 3 13 2
33 2 4 14 3
33 2 5 15 3
33 2 6 16 2
33 2 7 17 3
33 2 8 18 2
33 2 9 19 2
33 2 10 20 3
33 3 1 21 2
33 3 2 22 2
33 3 3 23 1
33 3 4 24 2
33 3 5 25 2
33 3 6 26 1
33 3 7 27 3
33 3 8 28 1
33 3 9 29 1
33 3 10 30 3
33 4 1 31 2
33 4 2 32 3
33 4 3 33 2
33 4 4 34 2
33 4 5 35 2
33 4 6 36 1
33 4 7 37 2
33 4 8 38 2
33 4 9 39 3
33 4 10 40 2
33 5 1 41 2
33 5 2 42 1
33 5 3 43 2
33 5 4 44 1
33 5 5 45 0
33 5 6 46 3
33 5 7 47 3
33 5 8 48 2
33 5 9 49 0
33 5 10 50 3
33 6 1 51 2
33 6 2 52 2
33 6 3 53 2
33 6 4 54 3
33 6 5 55 2
33 6 6 56 3
33 6 7 57 3
33 6 8 58 3
33 6 9 59 2
33 6 10 60 2
33 7 1 61 1
33 7 2 62 2
33 7 3 63 2
33 7 4 64 2
33 7 5 65 1
33 7 6 66 2
33 7 7 67 3
33 7 8 68 1
33 7 9 69 2
33 7 10 70 1
34 1 1 1 2
34 1 2 2 2
34 1 3 3 2
34 1 4 4 2
34 1 5 5 2
34 1 6 6 2
34 1 7 7 3
34 1 8 8 2
34 1 9 9 2
34 1 10 10 2
34 2 1 11 1
34 2 2 12 1
34 2 3 13 2
34 2 4 14 2
34 2 5 15 1
34 2 6 16 4
34 2 7 17 3
34 2 8 18 4
34 2 9 19 3
34 2 10 20 2
34 3 1 21 2
34 3 2 22 2
34 3 3 23 2
34 3 4 24 3
34 3 5 25 3
34 3 6 26 3
34 3 7 27 2
34 3 8 28 1
34 3 9 29 3
34 3 10 30 2
34 4 1 31 2
34 4 2 32 4
34 4 3 33 3
34 4 4 34 2
34 4 5 35 1
34 4 6 36 2
34 4 7 37 3
34 4 8 38 3
34 4 9 39 3
34 4 10 40 3
34 5 1 41 2
34 5 2 42 2
34 5 3 43 2
34 5 4 44 3
34 5 5 45 2
34 5 6 46 3
34 5 7 47 1
34 5 8 48 1
34 5 9 49 2
34 5 10 50 3
34 6 1 51 2
34 6 2 52 2
34 6 3 53 0
34 6 4 54 3
34 6 5 55 2
34 6 6 56 3
34 6 7 57 3
34 6 8 58 2
34 6 9 59 3
34 6 10 60 2
34 7 1 61 2
34 7 2 62 1
34 7 3 63 2
34 7 4 64 3
34 7 5 65 3
34 7 6 66 1
34 7 7 67 3
34 7 8 68 2
34 7 9 69 3
34 7 10 70 2
35 1 1 1 1
35 1 2 2 2
35 1 3 3 2
35 1 4 4 2
35 1 5 5 2
35 1 6 6 2
35 1 7 7 2
35 1 8 8 1
35 1 9 9 2
35 1 10 10 2
35 2 1 11 2
35 2 2 12 2
35 2 3 13 2
35 2 4 14 2
35 2 5 15 1
35 2 6 16 1
35 2 7 17 1
35 2 8 18 1
35 2 9 19 1
35 2 10 20 2
35 3 1 21 0
35 3 2 22 1
35 3 3 23 1
35 3 4 24 1
35 3 5 25 1
35 3 6 26 2
35 3 7 27 0
35 3 8 28 1
35 3 9 29 2
35 3 10 30 1
35 4 1 31 1
35 4 2 32 1
35 4 3 33 1
35 4 4 34 2
35 4 5 35 0
35 4 6 36 1
35 4 7 37 1
35 4 8 38 1
35 4 9 39 2
35 4 10 40 2
35 5 1 41 2
35 5 2 42 0
35 5 3 43 1
35 5 4 44 1
35 5 5 45 1
35 5 6 46 2
35 5 7 47 1
35 5 8 48 1
35 5 9 49 1
35 5 10 50 1
35 6 1 51 1
35 6 2 52 1
35 6 3 53 2
35 6 4 54 2
35 6 5 55 1
35 6 6 56 0
35 6 7 57 1
35 6 8 58 2
35 6 9 59 2
35 6 10 60 1
35 7 1 61 1
35 7 2 62 2
35 7 3 63 1
35 7 4 64 1
35 7 5 65 2
35 7 6 66 1
35 7 7 67 1
35 7 8 68 1
35 7 9 69 1
35 7 10 70 2
36 1 1 1 3
36 1 2 2 3
36 1 3 3 3
36 1 4 4 2
36 1 5 5 2
36 1 6 6 2
36 1 7 7 1
36 1 8 8 2
36 1 9 9 3
36 1 10 10 3
36 2 1 11 3
36 2 2 12 2
36 2 3 13 3
36 2 4 14 3
36 2 5 15 2
36 2 6 16 3
36 2 7 17 2
36 2 8 18 3
36 2 9 19 0
36 2 10 20 3
36 3 1 21 3
36 3 2 22 3
36 3 3 23 0
36 3 4 24 2
36 3 5 25 2
36 3 6 26 2
36 3 7 27 0
36 3 8 28 2
36 3 9 29 2
36 3 10 30 2
36 4 1 31 2
36 4 2 32 2
36 4 3 33 3
36 4 4 34 3
36 4 5 35 2
36 4 6 36 3
36 4 7 37 2
36 4 8 38 3
36 4 9 39 2
36 4 10 40 2
36 5 1 41 3
36 5 2 42 3
36 5 3 43 3
36 5 4 44 2
36 5 5 45 3
36 5 6 46 1
36 5 7 47 3
36 5 8 48 3
36 5 9 49 2
36 5 10 50 2
36 6 1 51 3
36 6 2 52 4
36 6 3 53 2
36 6 4 54 3
36 6 5 55 2
36 6 6 56 4
36 6 7 57 2
36 6 8 58 3
36 6 9 59 3
36 6 10 60 2
36 7 1 61 2
36 7 2 62 2
36 7 3 63 2
36 7 4 64 4
36 7 5 65 1
36 7 6 66 2
36 7 7 67 3
36 7 8 68 2
36 7 9 69 2
36 7 10 70 4
37 1 1 1 0
37 1 2 2 1
37 1 3 3 0
37 1 4 4 2
37 1 5 5 0
37 1 6 6 1
37 1 7 7 1
37 1 8 8 1
37 1 9 9 2
37 1 10 10 1
37 2 1 11 1
37 2 2 12 0
37 2 3 13 1
37 2 4 14 2
37 2 5 15 0
37 2 6 16 1
37 2 7 17 1
37 2 8 18 0
37 2 9 19 0
37 2 10 20 2
37 3 1 21 2
37 3 2 22 0
37 3 3 23 0
37 3 4 24 1
37 3 5 25 1
37 3 6 26 1
37 3 7 27 2
37 3 8 28 1
37 3 9 29 0
37 3 10 30 2
37 4 1 31 1
37 4 2 32 1
37 4 3 33 1
37 4 4 34 1
37 4 5 35 1
37 4 6 36 2
37 4 7 37 2
37 4 8 38 2
37 4 9 39 1
37 4 10 40 1
37 5 1 41 0
37 5 2 42 1
37 5 3 43 1
37 5 4 44 2
37 5 5 45 1
37 5 6 46 0
37 5 7 47 1
37 5 8 48 0
37 5 9 49 1
37 5 10 50 2
37 6 1 51 2
37 6 2 52 0
37 6 3 53 1
37 6 4 54 0
37 6 5 55 2
37 6 6 56 0
37 6 7 57 0
37 6 8 58 1
37 6 9 59 0
37 6 10 60 1
37 7 1 61 1
37 7 2 62 2
37 7 3 63 1
37 7 4 64 1
37 7 5 65 1
37 7 6 66 2
37 7 7 67 2
37 7 8 68 2
37 7 9 69 2
37 7 10 70 0
38 1 1 1 2
38 1 2 2 2
38 1 3 3 1
38 1 4 4 1
38 1 5 5 0
38 1 6 6 1
38 1 7 7 1
38 1 8 8 0
38 1 9 9 0
38 1 10 10 1
38 2 1 11 1
38 2 2 12 1
38 2 3 13 2
38 2 4 14 1
38 2 5 15 1
38 2 6 16 2
38 2 7 17 1
38 2 8 18 2
38 2 9 19 2
38 2 10 20 2
38 3 1 21 1
38 3 2 22 0
38 3 3 23 2
38 3 4 24 2
38 3 5 25 3
38 3 6 26 3
38 3 7 27 1
38 3 8 28 1
38 3 9 29 2
38 3 10 30 3
38 4 1 31 0
38 4 2 32 1
38 4 3 33 2
38 4 4 34 2
38 4 5 35 1
38 4 6 36 0
38 4 7 37 1
38 4 8 38 2
38 4 9 39 3
38 4 10 40 1
38 5 1 41 1
38 5 2 42 1
38 5 3 43 1
38 5 4 44 1
38 5 5 45 2
38 5 6 46 2
38 5 7 47 1
38 5 8 48 2
38 5 9 49 1
38 5 10 50 2
38 6 1 51 1
38 6 2 52 2
38 6 3 53 1
38 6 4 54 1
38 6 5 55 2
38 6 6 56 2
38 6 7 57 1
38 6 8 58 1
38 6 9 59 2
38 6 10 60 1
38 7 1 61 1
38 7 2 62 2
38 7 3 63 0
38 7 4 64 1
38 7 5 65 1
38 7 6 66 0
38 7 7 67 2
38 7 8 68 2
38 7 9 69 2
38 7 10 70 1
39 1 1 1 2
39 1 2 2 2
39 1 3 3 2
39 1 4 4 2
39 1 5 5 3
39 1 6 6 2
39 1 7 7 2
39 1 8 8 0
39 1 9 9 2
39 1 10 10 1
39 2 1 11 3
39 2 2 12 3
39 2 3 13 1
39 2 4 14 3
39 2 5 15 2
39 2 6 16 2
39 2 7 17 3
39 2 8 18 3
39 2 9 19 2
39 2 10 20 3
39 3 1 21 2
39 3 2 22 3
39 3 3 23 1
39 3 4 24 3
39 3 5 25 3
39 3 6 26 0
39 3 7 27 2
39 3 8 28 2
39 3 9 29 2
39 3 10 30 2
39 4 1 31 3
39 4 2 32 3
39 4 3 33 3
39 4 4 34 2
39 4 5 35 2
39 4 6 36 2
39 4 7 37 2
39 4 8 38 2
39 4 9 39 2
39 4 10 40 3
39 5 1 41 1
39 5 2 42 1
39 5 3 43 2
39 5 4 44 2
39 5 5 45 3
39 5 6 46 2
39 5 7 47 2
39 5 8 48 2
39 5 9 49 1
39 5 10 50 1
39 6 1 51 1
39 6 2 52 2
39 6 3 53 2
39 6 4 54 3
39 6 5 55 3
39 6 6 56 2
39 6 7 57 2
39 6 8 58 2
39 6 9 59 2
39 6 10 60 2
39 7 1 61 2
39 7 2 62 1
39 7 3 63 1
39 7 4 64 1
39 7 5 65 3
39 7 6 66 2
39 7 7 67 2
39 7 8 68 1
39 7 9 69 2
39 7 10 70 2
40 1 1 1 2
40 1 2 2 2
40 1 3 3 3
40 1 4 4 2
40 1 5 5 2
40 1 6 6 4
40 1 7 7 3
40 1 8 8 3
40 1 9 9 2
40 1 10 10 3
40 2 1 11 2
40 2 2 12 3
40 2 3 13 3
40 2 4 14 2
40 2 5 15 2
40 2 6 16 3
40 2 7 17 3
40 2 8 18 2
40 2 9 19 2
40 2 10 20 3
40 3 1 21 3
40 3 2 22 3
40 3 3 23 2
40 3 4 24 3
40 3 5 25 1
40 3 6 26 2
40 3 7 27 1
40 3 8 28 3
40 3 9 29 3
40 3 10 30 1
40 4 1 31 2
40 4 2 32 2
40 4 3 33 3
40 4 4 34 1
40 4 5 35 3
40 4 6 36 2
40 4 7 37 2
40 4 8 38 2
40 4 9 39 2
40 4 10 40 2
40 5 1 41 2
40 5 2 42 2
40 5 3 43 2
40 5 4 44 2
40 5 5 45 3
40 5 6 46 4
40 5 7 47 3
40 5 8 48 2
40 5 9 49 2
40 5 10 50 2
40 6 1 51 3
40 6 2 52 3
40 6 3 53 2
40 6 4 54 2
40 6 5 55 3
40 6 6 56 2
40 6 7 57 3
40 6 8 58 3
40 6 9 59 3
40 6 10 60 3
40 7 1 61 1
40 7 2 62 3
40 7 3 63 3
40 7 4 64 2
40 7 5 65 2
40 7 6 66 3
40 7 7 67 3
40 7 8 68 1
40 7 9 69 3
40 7 10 70 1
41 1 1 1 1
41 1 2 2 3
41 1 3 3 1
41 1 4 4 2
41 1 5 5 1
41 1 6 6 1
41 1 7 7 2
41 1 8 8 3
41 1 9 9 2
41 1 10 10 2
41 2 1 11 2
41 2 2 12 2
41 2 3 13 2
41 2 4 14 2
41 2 5 15 2
41 2 6 16 1
41 2 7 17 2
41 2 8 18 2
41 2 9 19 2
41 2 10 20 3
41 3 1 21 2
41 3 2 22 2
41 3 3 23 2
41 3 4 24 3
41 3 5 25 1
41 3 6 26 2
41 3 7 27 3
41 3 8 28 2
41 3 9 29 3
41 3 10 30 3
41 4 1 31 1
41 4 2 32 2
41 4 3 33 4
41 4 4 34 2
41 4 5 35 2
41 4 6 36 2
41 4 7 37 2
41 4 8 38 3
41 4 9 39 2
41 4 10 40 3
41 5 1 41 3
41 5 2 42 3
41 5 3 43 3
41 5 4 44 2
41 5 5 45 2
41 5 6 46 3
41 5 7 47 3
41 5 8 48 3
41 5 9 49 3
41 5 10 50 3
41 6 1 51 2
41 6 2 52 2
41 6 3 53 3
41 6 4 54 2
41 6 5 55 3
41 6 6 56 2
41 6 7 57 3
41 6 8 58 1
41 6 9 59 2
41 6 10 60 2
41 7 1 61 3
41 7 2 62 2
41 7 3 63 3
41 7 4 64 3
41 7 5 65 2
41 7 6 66 3
41 7 7 67 3
41 7 8 68 3
41 7 9 69 3
41 7 10 70 2
42 1 1 1 2
42 1 2 2 2
42 1 3 3 2
42 1 4 4 2
42 1 5 5 4
42 1 6 6 1
42 1 7 7 3
42 1 8 8 1
42 1 9 9 2
42 1 10 10 1
42 2 1 11 2
42 2 2 12 0
42 2 3 13 1
42 2 4 14 2
42 2 5 15 1
42 2 6 16 1
42 2 7 17 2
42 2 8 18 3
42 2 9 19 3
42 2 10 20 1
42 3 1 21 1
42 3 2 22 2
42 3 3 23 2
42 3 4 24 3
42 3 5 25 2
42 3 6 26 2
42 3 7 27 3
42 3 8 28 2
42 3 9 29 2
42 3 10 30 2
42 4 1 31 2
42 4 2 32 2
42 4 3 33 2
42 4 4 34 1
42 4 5 35 3
42 4 6 36 1
42 4 7 37 1
42 4 8 38 2
42 4 9 39 3
42 4 10 40 2
42 5 1 41 2
42 5 2 42 2
42 5 3 43 3
42 5 4 44 2
42 5 5 45 2
42 5 6 46 2
42 5 7 47 1
42 5 8 48 2
42 5 9 49 2
42 5 10 50 1
42 6 1 51 2
42 6 2 52 2
42 6 3 53 2
42 6 4 54 1
42 6 5 55 2
42 6 6 56 2
42 6 7 57 3
42 6 8 58 1
42 6 9 59 2
42 6 10 60 2
42 7 1 61 3
42 7 2 62 1
42 7 3 63 2
42 7 4 64 3
42 7 5 65 2
42 7 6 66 2
42 7 7 67 2
42 7 8 68 1
42 7 9 69 3
42 7 10 70 2
43 1 1 1 1
43 1 2 2 2
43 1 3 3 3
43 1 4 4 3
43 1 5 5 2
43 1 6 6 3
43 1 7 7 2
43 1 8 8 2
43 1 9 9 3
43 1 10 10 2
43 2 1 11 2
43 2 2 12 3
43 2 3 13 3
43 2 4 14 1
43 2 5 15 2
43 2 6 16 3
43 2 7 17 1
43 2 8 18 1
43 2 9 19 2
43 2 10 20 3
43 3 1 21 1
43 3 2 22 2
43 3 3 23 3
43 3 4 24 2
43 3 5 25 2
43 3 6 26 3
43 3 7 27 3
43 3 8 28 2
43 3 9 29 2
43 3 10 30 1
43 4 1 31 3
43 4 2 32 3
43 4 3 33 2
43 4 4 34 2
43 4 5 35 1
43 4 6 36 2
43 4 7 37 3
43 4 8 38 2
43 4 9 39 1
43 4 10 40 3
43 5 1 41 2
43 5 2 42 3
43 5 3 43 3
43 5 4 44 3
43 5 5 45 2
43 5 6 46 2
43 5 7 47 3
43 5 8 48 4
43 5 9 49 2
43 5 10 50 2
43 6 1 51 3
43 6 2 52 2
43 6 3 53 2
43 6 4 54 1
43 6 5 55 2
43 6 6 56 3
43 6 7 57 2
43 6 8 58 3
43 6 9 59 2
43 6 10 60 3
43 7 1 61 3
43 7 2 62 1
43 7 3 63 2
43 7 4 64 3
43 7 5 65 2
43 7 6 66 1
43 7 7 67 1
43 7 8 68 3
43 7 9 69 4
43 7 10 70 1
44 1 1 1 2
44 1 2 2 1
44 1 3 3 2
44 1 4 4 2
44 1 5 5 2
44 1 6 6 4
44 1 7 7 1
44 1 8 8 2
44 1 9 9 3
44 1 10 10 2
44 2 1 11 2
44 2 2 12 3
44 2 3 13 3
44 2 4 14 2
44 2 5 15 2
44 2 6 16 3
44 2 7 17 1
44 2 8 18 1
44 2 9 19 3
44 2 10 20 3
44 3 1 21 1
44 3 2 22 3
44 3 3 23 1
44 3 4 24 2
44 3 5 25 2
44 3 6 26 1
44 3 7 27 3
44 3 8 28 3
44 3 9 29 2
44 3 10 30 3
44 4 1 31 2
44 4 2 32 3
44 4 3 33 3
44 4 4 34 1
44 4 5 35 1
44 4 6 36 4
44 4 7 37 2
44 4 8 38 2
44 4 9 39 1
44 4 10 40 3
44 5 1 41 3
44 5 2 42 3
44 5 3 43 1
44 5 4 44 1
44 5 5 45 2
44 5 6 46 3
44 5 7 47 2
44 5 8 48 1
44 5 9 49 2
44 5 10 50 1
44 6 1 51 4
44 6 2 52 1
44 6 3 53 2
44 6 4 54 1
44 6 5 55 2
44 6 6 56 3
44 6 7 57 3
44 6 8 58 1
44 6 9 59 1
44 6 10 60 2
44 7 1 61 2
44 7 2 62 3
44 7 3 63 2
44 7 4 64 1
44 7 5 65 2
44 7 6 66 1
44 7 7 67 3
44 7 8 68 2
44 7 9 69 2
44 7 10 70 3
45 1 1 1 4
45 1 2 2 2
45 1 3 3 3
45 1 4 4 3
45 1 5 5 2
45 1 6 6 2
45 1 7 7 3
45 1 8 8 1
45 1 9 9 2
45 1 10 10 2
45 2 1 11 2
45 2 2 12 1
45 2 3 13 2
45 2 4 14 3
45 2 5 15 2
45 2 6 16 2
45 2 7 17 2
45 2 8 18 2
45 2 9 19 3
45 2 10 20 3
45 3 1 21 4
45 3 2 22 1
45 3 3 23 3
45 3 4 24 2
45 3 5 25 3
45 3 6 26 2
45 3 7 27 3
45 3 8 28 2
45 3 9 29 3
45 3 10 30 2
45 4 1 31 2
45 4 2 32 1
45 4 3 33 3
45 4 4 34 3
45 4 5 35 3
45 4 6 36 3
45 4 7 37 1
45 4 8 38 2
45 4 9 39 2
45 4 10 40 3
45 5 1 41 2
45 5 2 42 2
45 5 3 43 4
45 5 4 44 3
45 5 5 45 1
45 5 6 46 2
45 5 7 47 2
45 5 8 48 4
45 5 9 49 2
45 5 10 50 3
45 6 1 51 2
45 6 2 52 2
45 6 3 53 3
45 6 4 54 2
45 6 5 55 3
45 6 6 56 3
45 6 7 57 1
45 6 8 58 2
45 6 9 59 2
45 6 10 60 2
45 7 1 61 3
45 7 2 62 3
45 7 3 63 1
45 7 4 64 2
45 7 5 65 1
45 7 6 66 2
45 7 7 67 2
45 7 8 68 2
45 7 9 69 2
45 7 10 70 1
46 1 1 1 1
46 1 2 2 2
46 1 3 3 2
46 1 4 4 1
46 1 5 5 2
46 1 6 6 1
46 1 7 7 1
46 1 8 8 2
46 1 9 9 1
46 1 10 10 1
46 2 1 11 2
46 2 2 12 2
46 2 3 13 3
46 2 4 14 2
46 2 5 15 1
46 2 6 16 2
46 2 7 17 2
46 2 8 18 1
46 2 9 19 2
46 2 10 20 4
46 3 1 21 2
46 3 2 22 2
46 3 3 23 2
46 3 4 24 3
46 3 5 25 2
46 3 6 26 2
46 3 7 27 2
46 3 8 28 2
46 3 9 29 2
46 3 10 30 2
46 4 1 31 2
46 4 2 32 2
46 4 3 33 2
46 4 4 34 2
46 4 5 35 2
46 4 6 36 2
46 4 7 37 2
46 4 8 38 1
46 4 9 39 1
46 4 10 40 3
46 5 1 41 1
46 5 2 42 2
46 5 3 43 1
46 5 4 44 2
46 5 5 45 2
46 5 6 46 1
46 5 7 47 2
46 5 8 48 2
46 5 9 49 2
46 5 10 50 2
46 6 1 51 2
46 6 2 52 1
46 6 3 53 1
46 6 4 54 2
46 6 5 55 1
46 6 6 56 2
46 6 7 57 1
46 6 8 58 1
46 6 9 59 2
46 6 10 60 3
46 7 1 61 2
46 7 2 62 1
46 7 3 63 2
46 7 4 64 3
46 7 5 65 2
46 7 6 66 2
46 7 7 67 3
46 7 8 68 2
46 7 9 69 3
46 7 10 70 1
47 1 1 1 3
47 1 2 2 2
47 1 3 3 2
47 1 4 4 3
47 1 5 5 3
47 1 6 6 2
47 1 7 7 2
47 1 8 8 2
47 1 9 9 2
47 1 10 10 2
47 2 1 11 3
47 2 2 12 2
47 2 3 13 3
47 2 4 14 3
47 2 5 15 2
47 2 6 16 3
47 2 7 17 2
47 2 8 18 2
47 2 9 19 2
47 2 10 20 2
47 3 1 21 3
47 3 2 22 2
47 3 3 23 3
47 3 4 24 1
47 3 5 25 1
47 3 6 26 2
47 3 7 27 2
47 3 8 28 3
47 3 9 29 2
47 3 10 30 2
47 4 1 31 3
47 4 2 32 3
47 4 3 33 3
47 4 4 34 3
47 4 5 35 3
47 4 6 36 1
47 4 7 37 2
47 4 8 38 1
47 4 9 39 2
47 4 10 40 3
47 5 1 41 2
47 5 2 42 3
47 5 3 43 3
47 5 4 44 3
47 5 5 45 2
47 5 6 46 2
47 5 7 47 2
47 5 8 48 2
47 5 9 49 3
47 5 10 50 2
47 6 1 51 2
47 6 2 52 2
47 6 3 53 3
47 6 4 54 2
47 6 5 55 3
47 6 6 56 1
47 6 7 57 3
47 6 8 58 2
47 6 9 59 1
47 6 10 60 0
47 7 1 61 2
47 7 2 62 3
47 7 3 63 3
47 7 4 64 2
47 7 5 65 3
47 7 6 66 3
47 7 7 67 2
47 7 8 68 3
47 7 9 69 3
47 7 10 70 2
48 1 1 1 3
48 1 2 2 3
48 1 3 3 3
48 1 4 4 3
48 1 5 5 3
48 1 6 6 3
48 1 7 7 3
48 1 8 8 3
48 1 9 9 2
48 1 10 10 3
48 2 1 11 3
48 2 2 12 5
48 2 3 13 2
48 2 4 14 1
48 2 5 15 4
48 2 6 16 2
48 2 7 17 3
48 2 8 18 3
48 2 9 19 4
48 2 10 20 2
48 3 1 21 2
48 3 2 22 3
48 3 3 23 2
48 3 4 24 2
48 3 5 25 3
48 3 6 26 3
48 3 7 27 4
48 3 8 28 3
48 3 9 29 2
48 3 10 30 2
48 4 1 31 4
48 4 2 32 2
48 4 3 33 3
48 4 4 34 3
48 4 5 35 2
48 4 6 36 4
48 4 7 37 2
48 4 8 38 3
48 4 9 39 3
48 4 10 40 4
48 5 1 41 3
48 5 2 42 4
48 5 3 43 2
48 5 4 44 2
48 5 5 45 3
48 5 6 46 2
48 5 7 47 2
48 5 8 48 3
48 5 9 49 3
48 5 10 50 3
48 6 1 51 4
48 6 2 52 4
48 6 3 53 3
48 6 4 54 3
48 6 5 55 3
48 6 6 56 4
48 6 7 57 3
48 6 8 58 4
48 6 9 59 2
48 6 10 60 3
48 7 1 61 2
48 7 2 62 3
48 7 3 63 2
48 7 4 64 3
48 7 5 65 3
48 7 6 66 4
48 7 7 67 3
48 7 8 68 3
48 7 9 69 2
48 7 10 70 4
49 1 1 1 3
49 1 2 2 2
49 1 3 3 3
49 1 4 4 2
49 1 5 5 1
49 1 6 6 2
49 1 7 7 2
49 1 8 8 1
49 1 9 9 1
49 1 10 10 2
49 2 1 11 2
49 2 2 12 0
49 2 3 13 1
49 2 4 14 2
49 2 5 15 3
49 2 6 16 2
49 2 7 17 3
49 2 8 18 2
49 2 9 19 2
49 2 10 20 3
49 3 1 21 2
49 3 2 22 2
49 3 3 23 2
49 3 4 24 2
49 3 5 25 2
49 3 6 26 1
49 3 7 27 2
49 3 8 28 2
49 3 9 29 2
49 3 10 30 3
49 4 1 31 2
49 4 2 32 2
49 4 3 33 3
49 4 4 34 4
49 4 5 35 2
49 4 6 36 3
49 4 7 37 2
49 4 8 38 2
49 4 9 39 1
49 4 10 40 1
49 5 1 41 2
49 5 2 42 1
49 5 3 43 1
49 5 4 44 2
49 5 5 45 3
49 5 6 46 1
49 5 7 47 2
49 5 8 48 2
49 5 9 49 3
49 5 10 50 2
49 6 1 51 2
49 6 2 52 2
49 6 3 53 3
49 6 4 54 3
49 6 5 55 2
49 6 6 56 5
49 6 7 57 2
49 6 8 58 4
49 6 9 59 2
49 6 10 60 1
49 7 1 61 1
49 7 2 62 2
49 7 3 63 3
49 7 4 64 3
49 7 5 65 2
49 7 6 66 2
49 7 7 67 2
49 7 8 68 2
49 7 9 69 2
49 7 10 70 2
50 1 1 1 1
50 1 2 2 1
50 1 3 3 2
50 1 4 4 2
50 1 5 5 3
50 1 6 6 0
50 1 7 7 2
50 1 8 8 1
50 1 9 9 1
50 1 10 10 0
50 2 1 11 1
50 2 2 12 1
50 2 3 13 1
50 2 4 14 0
50 2 5 15 4
50 2 6 16 1
50 2 7 17 1
50 2 8 18 0
50 2 9 19 1
50 2 10 20 3
50 3 1 21 1
50 3 2 22 2
50 3 3 23 1
50 3 4 24 3
50 3 5 25 2
50 3 6 26 1
50 3 7 27 2
50 3 8 28 1
50 3 9 29 2
50 3 10 30 1
50 4 1 31 2
50 4 2 32 3
50 4 3 33 2
50 4 4 34 2
50 4 5 35 2
50 4 6 36 2
50 4 7 37 2
50 4 8 38 2
50 4 9 39 2
50 4 10 40 2
50 5 1 41 2
50 5 2 42 3
50 5 3 43 2
50 5 4 44 3
50 5 5 45 2
50 5 6 46 2
50 5 7 47 2
50 5 8 48 1
50 5 9 49 3
50 5 10 50 1
50 6 1 51 3
50 6 2 52 1
50 6 3 53 1
50 6 4 54 2
50 6 5 55 2
50 6 6 56 1
50 6 7 57 3
50 6 8 58 0
50 6 9 59 1
50 6 10 60 1
50 7 1 61 1
50 7 2 62 2
50 7 3 63 1
50 7 4 64 1
50 7 5 65 1
50 7 6 66 2
50 7 7 67 1
50 7 8 68 0
50 7 9 69 1
50 7 10 70 0
51 1 1 1 3
51 1 2 2 4
51 1 3 3 2
51 1 4 4 2
51 1 5 5 2
51 1 6 6 3
51 1 7 7 3
51 1 8 8 3
51 1 9 9 3
51 1 10 10 3
51 2 1 11 2
51 2 2 12 1
51 2 3 13 2
51 2 4 14 2
51 2 5 15 1
51 2 6 16 1
51 2 7 17 3
51 2 8 18 1
51 2 9 19 2
51 2 10 20 3
51 3 1 21 3
51 3 2 22 3
51 3 3 23 3
51 3 4 24 2
51 3 5 25 1
51 3 6 26 2
51 3 7 27 1
51 3 8 28 2
51 3 9 29 4
51 3 10 30 2
51 4 1 31 2
51 4 2 32 3
51 4 3 33 2
51 4 4 34 2
51 4 5 35 2
51 4 6 36 2
51 4 7 37 2
51 4 8 38 3
51 4 9 39 2
51 4 10 40 2
51 5 1 41 3
51 5 2 42 2
51 5 3 43 3
51 5 4 44 2
51 5 5 45 3
51 5 6 46 3
51 5 7 47 3
51 5 8 48 2
51 5 9 49 3
51 5 10 50 1
51 6 1 51 3
51 6 2 52 2
51 6 3 53 3
51 6 4 54 2
51 6 5 55 3
51 6 6 56 2
51 6 7 57 3
51 6 8 58 2
51 6 9 59 3
51 6 10 60 2
51 7 1 61 3
51 7 2 62 2
51 7 3 63 3
51 7 4 64 2
51 7 5 65 3
51 7 6 66 4
51 7 7 67 3
51 7 8 68 3
51 7 9 69 2
51 7 10 70 3
52 1 1 1 2
52 1 2 2 0
52 1 3 3 2
52 1 4 4 2
52 1 5 5 2
52 1 6 6 1
52 1 7 7 2
52 1 8 8 3
52 1 9 9 3
52 1 10 10 2
52 2 1 11 2
52 2 2 12 2
52 2 3 13 2
52 2 4 14 3
52 2 5 15 1
52 2 6 16 2
52 2 7 17 1
52 2 8 18 1
52 2 9 19 3
52 2 10 20 2
52 3 1 21 2
52 3 2 22 3
52 3 3 23 2
52 3 4 24 1
52 3 5 25 2
52 3 6 26 1
52 3 7 27 2
52 3 8 28 2
52 3 9 29 1
52 3 10 30 2
52 4 1 31 1
52 4 2 32 3
52 4 3 33 2
52 4 4 34 1
52 4 5 35 2
52 4 6 36 2
52 4 7 37 2
52 4 8 38 2
52 4 9 39 2
52 4 10 40 2
52 5 1 41 2
52 5 2 42 3
52 5 3 43 0
52 5 4 44 2
52 5 5 45 2
52 5 6 46 1
52 5 7 47 3
52 5 8 48 1
52 5 9 49 2
52 5 10 50 3
52 6 1 51 2
52 6 2 52 2
52 6 3 53 0
52 6 4 54 1
52 6 5 55 2
52 6 6 56 1
52 6 7 57 1
52 6 8 58 3
52 6 9 59 2
52 6 10 60 2
52 7 1 61 2
52 7 2 62 1
52 7 3 63 1
52 7 4 64 2
52 7 5 65 2
52 7 6 66 1
52 7 7 67 1
52 7 8 68 3
52 7 9 69 2
52 7 10 70 2
53 1 1 1 3
53 1 2 2 3
53 1 3 3 2
53 1 4 4 3
53 1 5 5 2
53 1 6 6 2
53 1 7 7 3
53 1 8 8 3
53 1 9 9 3
53 1 10 10 3
53 2 1 11 2
53 2 2 12 2
53 2 3 13 2
53 2 4 14 3
53 2 5 15 2
53 2 6 16 3
53 2 7 17 4
53 2 8 18 2
53 2 9 19 3
53 2 10 20 2
53 3 1 21 3
53 3 2 22 3
53 3 3 23 2
53 3 4 24 3
53 3 5 25 3
53 3 6 26 2
53 3 7 27 3
53 3 8 28 4
53 3 9 29 2
53 3 10 30 3
53 4 1 31 4
53 4 2 32 2
53 4 3 33 4
53 4 4 34 2
53 4 5 35 2
53 4 6 36 3
53 4 7 37 4
53 4 8 38 5
53 4 9 39 3
53 4 10 40 3
53 5 1 41 2
53 5 2 42 3
53 5 3 43 1
53 5 4 44 2
53 5 5 45 4
53 5 6 46 2
53 5 7 47 3
53 5 8 48 3
53 5 9 49 3
53 5 10 50 3
53 6 1 51 2
53 6 2 52 3
53 6 3 53 3
53 6 4 54 3
53 6 5 55 3
53 6 6 56 3
53 6 7 57 4
53 6 8 58 4
53 6 9 59 2
53 6 10 60 3
53 7 1 61 2
53 7 2 62 2
53 7 3 63 3
53 7 4 64 3
53 7 5 65 3
53 7 6 66 2
53 7 7 67 3
53 7 8 68 3
53 7 9 69 2
53 7 10 70 3
54 1 1 1 1
54 1 2 2 3
54 1 3 3 2
54 1 4 4 3
54 1 5 5 3
54 1 6 6 2
54 1 7 7 3
54 1 8 8 2
54 1 9 9 1
54 1 10 10 2
54 2 1 11 2
54 2 2 12 2
54 2 3 13 2
54 2 4 14 3
54 2 5 15 2
54 2 6 16 3
54 2 7 17 2
54 2 8 18 2
54 2 9 19 2
54 2 10 20 2
54 3 1 21 1
54 3 2 22 2
54 3 3 23 3
54 3 4 24 2
54 3 5 25 3
54 3 6 26 1
54 3 7 27 2
54 3 8 28 2
54 3 9 29 3
54 3 10 30 2
54 4 1 31 3
54 4 2 32 3
54 4 3 33 0
54 4 4 34 1
54 4 5 35 1
54 4 6 36 1
54 4 7 37 2
54 4 8 38 2
54 4 9 39 1
54 4 10 40 2
54 5 1 41 2
54 5 2 42 3
54 5 3 43 2
54 5 4 44 2
54 5 5 45 2
54 5 6 46 2
54 5 7 47 3
54 5 8 48 2
54 5 9 49 2
54 5 10 50 2
54 6 1 51 1
54 6 2 52 2
54 6 3 53 1
54 6 4 54 2
54 6 5 55 1
54 6 6 56 2
54 6 7 57 3
54 6 8 58 2
54 6 9 59 2
54 6 10 60 3
54 7 1 61 2
54 7 2 62 2
54 7 3 63 3
54 7 4 64 1
54 7 5 65 2
54 7 6 66 2
54 7 7 67 1
54 7 8 68 2
54 7 9 69 2
54 7 10 70 4
55 1 1 1 0
55 1 2 2 2
55 1 3 3 1
55 1 4 4 1
55 1 5 5 1
55 1 6 6 2
55 1 7 7 3
55 1 8 8 2
55 1 9 9 1
55 1 10 10 3
55 2 1 11 1
55 2 2 12 1
55 2 3 13 1
55 2 4 14 1
55 2 5 15 1
55 2 6 16 1
55 2 7 17 2
55 2 8 18 2
55 2 9 19 1
55 2 10 20 2
55 3 1 21 1
55 3 2 22 2
55 3 3 23 2
55 3 4 24 2
55 3 5 25 1
55 3 6 26 1
55 3 7 27 1
55 3 8 28 2
55 3 9 29 2
55 3 10 30 3
55 4 1 31 2
55 4 2 32 1
55 4 3 33 3
55 4 4 34 1
55 4 5 35 2
55 4 6 36 2
55 4 7 37 1
55 4 8 38 1
55 4 9 39 2
55 4 10 40 3
55 5 1 41 1
55 5 2 42 1
55 5 3 43 1
55 5 4 44 3
55 5 5 45 1
55 5 6 46 1
55 5 7 47 1
55 5 8 48 1
55 5 9 49 1
55 5 10 50 2
55 6 1 51 2
55 6 2 52 2
55 6 3 53 1
55 6 4 54 2
55 6 5 55 0
55 6 6 56 3
55 6 7 57 2
55 6 8 58 2
55 6 9 59 2
55 6 10 60 1
55 7 1 61 1
55 7 2 62 2
55 7 3 63 1
55 7 4 64 2
55 7 5 65 2
55 7 6 66 2
55 7 7 67 1
55 7 8 68 3
55 7 9 69 1
55 7 10 70 1
56 1 1 1 2
56 1 2 2 3
56 1 3 3 2
56 1 4 4 2
56 1 5 5 2
56 1 6 6 2
56 1 7 7 2
56 1 8 8 3
56 1 9 9 3
56 1 10 10 2
56 2 1 11 2
56 2 2 12 2
56 2 3 13 2
56 2 4 14 2
56 2 5 15 2
56 2 6 16 1
56 2 7 17 1
56 2 8 18 2
56 2 9 19 0
56 2 10 20 2
56 3 1 21 3
56 3 2 22 2
56 3 3 23 3
56 3 4 24 2
56 3 5 25 2
56 3 6 26 2
56 3 7 27 2
56 3 8 28 1
56 3 9 29 2
56 3 10 30 2
56 4 1 31 1
56 4 2 32 2
56 4 3 33 1
56 4 4 34 1
56 4 5 35 2
56 4 6 36 1
56 4 7 37 2
56 4 8 38 1
56 4 9 39 2
56 4 10 40 1
56 5 1 41 1
56 5 2 42 1
56 5 3 43 2
56 5 4 44 3
56 5 5 45 1
56 5 6 46 0
56 5 7 47 1
56 5 8 48 1
56 5 9 49 3
56 5 10 50 2
56 6 1 51 3
56 6 2 52 2
56 6 3 53 1
56 6 4 54 2
56 6 5 55 1
56 6 6 56 2
56 6 7 57 2
56 6 8 58 2
56 6 9 59 2
56 6 10 60 3
56 7 1 61 3
56 7 2 62 1
56 7 3 63 2
56 7 4 64 3
56 7 5 65 3
56 7 6 66 1
56 7 7 67 3
56 7 8 68 1
56 7 9 69 2
56 7 10 70 2
57 1 1 1 0
57 1 2 2 2
57 1 3 3 0
57 1 4 4 0
57 1 5 5 2
57 1 6 6 2
57 1 7 7 2
57 1 8 8 2
57 1 9 9 1
57 1 10 10 1
57 2 1 11 3
57 2 2 12 3
57 2 3 13 3
57 2 4 14 2
57 2 5 15 2
57 2 6 16 3
57 2 7 17 0
57 2 8 18 3
57 2 9 19 2
57 2 10 20 1
57 3 1 21 2
57 3 2 22 1
57 3 3 23 2
57 3 4 24 2
57 3 5 25 2
57 3 6 26 0
57 3 7 27 2
57 3 8 28 1
57 3 9 29 1
57 3 10 30 1
57 4 1 31 1
57 4 2 32 1
57 4 3 33 3
57 4 4 34 2
57 4 5 35 2
57 4 6 36 3
57 4 7 37 3
57 4 8 38 3
57 4 9 39 1
57 4 10 40 3
57 5 1 41 2
57 5 2 42 2
57 5 3 43 2
57 5 4 44 2
57 5 5 45 2
57 5 6 46 2
57 5 7 47 2
57 5 8 48 1
57 5 9 49 2
57 5 10 50 1
57 6 1 51 2
57 6 2 52 2
57 6 3 53 2
57 6 4 54 2
57 6 5 55 1
57 6 6 56 2
57 6 7 57 3
57 6 8 58 3
57 6 9 59 3
57 6 10 60 1
57 7 1 61 1
57 7 2 62 2
57 7 3 63 0
57 7 4 64 2
57 7 5 65 1
57 7 6 66 2
57 7 7 67 1
57 7 8 68 0
57 7 9 69 2
57 7 10 70 1
58 1 1 1 3
58 1 2 2 1
58 1 3 3 2
58 1 4 4 2
58 1 5 5 3
58 1 6 6 2
58 1 7 7 3
58 1 8 8 2
58 1 9 9 2
58 1 10 10 3
58 2 1 11 2
58 2 2 12 3
58 2 3 13 3
58 2 4 14 3
58 2 5 15 0
58 2 6 16 2
58 2 7 17 1
58 2 8 18 3
58 2 9 19 3
58 2 10 20 2
58 3 1 21 2
58 3 2 22 1
58 3 3 23 3
58 3 4 24 3
58 3 5 25 1
58 3 6 26 1
58 3 7 27 3
58 3 8 28 3
58 3 9 29 3
58 3 10 30 3
58 4 1 31 2
58 4 2 32 3
58 4 3 33 2
58 4 4 34 4
58 4 5 35 2
58 4 6 36 0
58 4 7 37 3
58 4 8 38 1
58 4 9 39 3
58 4 10 40 1
58 5 1 41 2
58 5 2 42 3
58 5 3 43 2
58 5 4 44 1
58 5 5 45 1
58 5 6 46 2
58 5 7 47 3
58 5 8 48 2
58 5 9 49 3
58 5 10 50 2
58 6 1 51 2
58 6 2 52 3
58 6 3 53 1
58 6 4 54 3
58 6 5 55 3
58 6 6 56 2
58 6 7 57 3
58 6 8 58 2
58 6 9 59 2
58 6 10 60 2
58 7 1 61 2
58 7 2 62 3
58 7 3 63 3
58 7 4 64 2
58 7 5 65 1
58 7 6 66 2
58 7 7 67 1
58 7 8 68 2
58 7 9 69 4
58 7 10 70 1
59 1 1 1 2
59 1 2 2 2
59 1 3 3 2
59 1 4 4 2
59 1 5 5 2
59 1 6 6 2
59 1 7 7 3
59 1 8 8 3
59 1 9 9 3
59 1 10 10 1
59 2 1 11 2
59 2 2 12 3
59 2 3 13 3
59 2 4 14 2
59 2 5 15 2
59 2 6 16 2
59 2 7 17 2
59 2 8 18 2
59 2 9 19 3
59 2 10 20 4
59 3 1 21 3
59 3 2 22 3
59 3 3 23 2
59 3 4 24 3
59 3 5 25 2
59 3 6 26 3
59 3 7 27 3
59 3 8 28 1
59 3 9 29 4
59 3 10 30 1
59 4 1 31 1
59 4 2 32 3
59 4 3 33 3
59 4 4 34 3
59 4 5 35 3
59 4 6 36 2
59 4 7 37 3
59 4 8 38 4
59 4 9 39 2
59 4 10 40 3
59 5 1 41 2
59 5 2 42 3
59 5 3 43 3
59 5 4 44 3
59 5 5 45 4
59 5 6 46 2
59 5 7 47 4
59 5 8 48 2
59 5 9 49 2
59 5 10 50 2
59 6 1 51 3
59 6 2 52 3
59 6 3 53 3
59 6 4 54 3
59 6 5 55 2
59 6 6 56 2
59 6 7 57 3
59 6 8 58 3
59 6 9 59 3
59 6 10 60 3
59 7 1 61 3
59 7 2 62 3
59 7 3 63 2
59 7 4 64 2
59 7 5 65 3
59 7 6 66 2
59 7 7 67 2
59 7 8 68 2
59 7 9 69 1
59 7 10 70 3
60 1 1 1 3
60 1 2 2 3
60 1 3 3 4
60 1 4 4 3
60 1 5 5 3
60 1 6 6 3
60 1 7 7 3
60 1 8 8 3
60 1 9 9 3
60 1 10 10 3
60 2 1 11 2
60 2 2 12 2
60 2 3 13 3
60 2 4 14 3
60 2 5 15 2
60 2 6 16 2
60 2 7 17 3
60 2 8 18 2
60 2 9 19 2
60 2 10 20 1
60 3 1 21 3
60 3 2 22 3
60 3 3 23 2
60 3 4 24 2
60 3 5 25 3
60 3 6 26 2
60 3 7 27 4
60 3 8 28 2
60 3 9 29 1
60 3 10 30 3
60 4 1 31 3
60 4 2 32 3
60 4 3 33 3
60 4 4 34 3
60 4 5 35 2
60 4 6 36 3
60 4 7 37 2
60 4 8 38 2
60 4 9 39 3
60 4 10 40 3
60 5 1 41 2
60 5 2 42 1
60 5 3 43 2
60 5 4 44 1
60 5 5 45 3
60 5 6 46 3
60 5 7 47 4
60 5 8 48 2
60 5 9 49 2
60 5 10 50 2
60 6 1 51 3
60 6 2 52 2
60 6 3 53 3
60 6 4 54 2
60 6 5 55 3
60 6 6 56 2
60 6 7 57 3
60 6 8 58 3
60 6 9 59 2
60 6 10 60 2
60 7 1 61 2
60 7 2 62 3
60 7 3 63 3
60 7 4 64 2
60 7 5 65 2
60 7 6 66 2
60 7 7 67 3
60 7 8 68 4
60 7 9 69 3
60 7 10 70 3
